Original

    fc_results: 0.5821274063965519	0.8093562366315715	0.6567643181469867	
    br_results: 3.3966558449918707	2.344296867776423	0.7269111973905918	0.6005286267481387	0.6383692526474501	

Extracted chroma

    fc_results: 0.4487776864099547	0.6215135303015107	0.49907830073043424	
    br_results: 5.359172317166665	4.236947274325205	0.4698088141865043	0.43996679697899194	0.4301206603464534	
