fc_results: 0.49094021736618493	0.4500550985980357	0.41244397898561924	
br_results: 5.869854150404371	9.120680966008203	0.36001977970017357	0.45142218892218866	0.38237043796854314	
