QM

fc_results: 0.698703866242341	0.42162050857439487	0.5130763833202725	
br_results: 1.707089430894309	4.169134146341465	0.4596195505670156	0.6747079591591786	0.5377275503629004	

SEGMENTINO

fc_results: 0.5821274063965519	0.8093562366315715	0.6567643181469867	
br_results: 3.3966558449918707	2.344296867776423	0.7269111973905918	0.6005286267481387	0.6383692526474501	
