fc_results: 0.5147841289763435	0.7077814879227919	0.561499525392706	
br_results: 5.423470055428162	4.940550436741382	0.5660302173604791	0.4806227692235057	0.49874253470922525	