fc_results: 0.5821274063965519	0.8093562366315715	0.6567643181469867	
br_results: 3.3966558449918707	2.344296867776423	0.7269111973905918	0.6005286267481387	0.6383692526474501	