fc_results: 0.5821274063965519	0.8093562366315715	0.6567643181469867	
br_results: 3.908377919703252	2.7914958796463414	0.6793934824948279	0.5732465592221692	0.6012314583064954	