fc_results: 0.43871958254898175	0.6945073905331048	0.49424444934234457	
br_results: 27.64944859244715	3.1251780690772355	0.6564163959444977	0.28903107957985996	0.3488515875369769	