fc_results: 0.4487776864099547	0.6215135303015107	0.49907830073043424	
br_results: 5.359172317166665	4.236947274325205	0.4698088141865043	0.43996679697899194	0.4301206603464534	