fc_results: 0.693610428772641	0.367154617684712	0.468235586471992	
br_results: 1.7725691056910584	4.259524390243904	0.47242807391221314	0.7328264666679298	0.5642750951943323	