fc_results: 0.7040637475821412	0.38047071411671685	0.4806233140166052	
br_results: 1.7189959349593513	3.9144837398373977	0.4871503979218966	0.7234966253258934	0.5708754710074204	