fc_results: 0.6961458990708784	0.3806080369499008	0.48101419080305147	
br_results: 1.7635121951219512	3.989032520325203	0.4869851338375318	0.7370661294441779	0.5775192336810916	