fc_results: 0.6973778343234723	0.376684998692068	0.4765765658984004	
br_results: 1.7551869918699194	4.144231707317075	0.46626758607805197	0.7138089101503734	0.553949635766951	