fc_results: 0.6944949618792757	0.37509140070946284	0.47470171093695757	
br_results: 1.6947845528455294	4.050975609756099	0.48491300865609355	0.7389091486652462	0.5760047399331871	