fc_results: 0.6955469895405166	0.3899821323687251	0.48289562272563374	
br_results: 2.4626666666666672	4.061784552845527	0.48220954320388476	0.7219853204609303	0.5632810675916313	