fc_results: 0.7030311847864325	0.37711259803886643	0.4767928225041704	
br_results: 1.7409593495934959	3.9261504065040644	0.48501398481883107	0.7339830336781554	0.5741902470158649	