fc_results: 0.6898247945787934	0.38384335251398627	0.48002194823605776	
br_results: 1.8468048780487807	4.061260162601625	0.48518337906081693	0.7318158918768671	0.5735323003557083	