fc_results: 0.7052232150701777	0.3783073917898578	0.47973690960169946	
br_results: 1.7123861788617907	4.11499593495935	0.4800995333048581	0.7233297190614262	0.5659651486959828	