fc_results: 0.6841907571563278	0.3867818469342384	0.48050601065693405	
br_results: 1.760357723577236	4.032288617886179	0.480360011110424	0.7234055691372763	0.566911804273373	