fc_results: 0.7092516256960227	0.3771511357527511	0.4805345324054214	
br_results: 1.6717520325203261	4.006780487804878	0.48980670128494747	0.7529633194267339	0.5844592538386897	