fc_results: 0.6832065247399646	0.38095184513547725	0.4772699835778203	
br_results: 1.8207357723577229	4.076353658536582	0.4735378265164442	0.7182026081416324	0.5611653546857296	