fc_results: 0.6022612743771061	0.46409068870513304	0.5097246743418246	
br_results: 1.934284552845529	3.96530894308943	0.5128749946625429	0.7004163519407419	0.582623352811896	