fc_results: 0.6016346892103568	0.4688148526061805	0.5137636612514378	
br_results: 1.97959349593496	3.6029471544715452	0.5136111082008666	0.6939526710868172	0.580341987873147	