fc_results: 0.6039330373229176	0.4735182821592854	0.5178229260346777	
br_results: 1.8266300813008136	3.723821138211382	0.5109317252619375	0.700773639188273	0.5796083456457304	