fc_results: 0.5940907688719335	0.4715083025851681	0.5128261141918474	
br_results: 1.9606504065040635	3.6786869918699177	0.5115139418684688	0.6831480511358559	0.5733882309981438	