fc_results: 0.613179787265254	0.4697859677596488	0.5181902271555138	
br_results: 2.289146341463416	3.498032520325204	0.5161704903404921	0.6957495305056282	0.5801168339154142	