fc_results: 0.6054078376908189	0.46291715857669374	0.5114331943602495	
br_results: 1.9713292682926833	3.7599593495934975	0.5059438320802817	0.6950019605507407	0.5755557137092364	