fc_results: 0.5788863185205276	0.4639651991820414	0.49944133398662055	
br_results: 2.41290243902439	3.757467479674797	0.501864659720492	0.6805219058267834	0.564055992980883	