fc_results: 0.6034728036266214	0.457412815831242	0.508061717745851	
br_results: 1.8680121951219515	3.6411707317073168	0.5092879459525987	0.7007261257261256	0.5796181828249247	