fc_results: 0.6002612206088677	0.46456459687193136	0.5111879343057499	
br_results: 1.8313455284552844	3.657292682926829	0.5087308845656653	0.6910600465478514	0.5748144927377212	