fc_results: 0.6046448396044323	0.4610541963318189	0.5107160289435008	
br_results: 1.905426829268292	3.8193861788617878	0.49526490572949067	0.6979195149926857	0.5694550718083456	