fc_results: 0.6005037113996312	0.46288384799281995	0.5088525657119016	
br_results: 2.52640243902439	3.7858333333333323	0.49787039109213144	0.6791570895229427	0.560835327123251	