fc_results: 0.6027984683622839	0.45955366566497796	0.5090124824891762	
br_results: 1.891621951219511	3.6108536585365854	0.5010837860075686	0.6948064130990957	0.5709731752956837	