fc_results: 0.6457031612968381	0.412169072705684	0.48987051277750465	
br_results: 1.8792479674796747	4.090512195121951	0.4863524949952617	0.7182236349919275	0.5689828375174779	