fc_results: 0.6414388520496213	0.4195525313549086	0.49239931495194994	
br_results: 2.3465040650406515	3.936207317073171	0.5010756943824292	0.7088460545777618	0.5715605977630879	