fc_results: 0.6590800553759613	0.41512454675954286	0.49391371152878516	
br_results: 2.658361788617888	3.888150406504064	0.4883783773650119	0.706117064958528	0.5615424338309402	