fc_results: 0.6505551528503721	0.4114811405216355	0.4914007163881915	
br_results: 1.8610447154471532	4.043646341463415	0.484644567203655	0.712007820544406	0.5668727644330719	