fc_results: 0.6575614233772886	0.4276404770528056	0.5031425529650544	
br_results: 1.8000853658536595	3.8071788617886164	0.4998647521426577	0.7090136151111761	0.5755258608684636	