fc_results: 0.6397146773978398	0.4088582067624785	0.4838525339881	
br_results: 2.3047560975609747	3.893353658536586	0.4957694510242782	0.7160563465441512	0.572177162708634	