fc_results: 0.6487179056077016	0.41487473250305346	0.4935535732898411	
br_results: 1.8377682926829273	4.014231707317072	0.48851441473581475	0.7123400876449656	0.5702004614969878	