fc_results: 0.6522091044475538	0.4171661330954816	0.4947527809973055	
br_results: 1.8753292682926836	3.9969674796747987	0.4914828250319959	0.7106488475390912	0.5711738927932664	