fc_results: 0.6503567092306218	0.40919452397176287	0.48816157058958215	
br_results: 1.8049471544715432	3.9986504065040647	0.49293621549719935	0.7170168471997738	0.5738170728472223	