fc_results: 0.6459266867535133	0.41650156648568437	0.49383868007094006	
br_results: 1.811272357723578	3.979044715447153	0.48274489053391134	0.7097636216538655	0.5644549747339003	