fc_results: 0.648411048478005	0.4167224531922372	0.49480022595283096	
br_results: 1.87219512195122	4.0466585365853645	0.4822788861642585	0.7027569539764663	0.5625652868239589	