fc_results: 0.6532149557293062	0.41754028270555077	0.4957449275341507	
br_results: 1.771589430894308	3.822040650406504	0.4951239495472464	0.7205234354624594	0.5772434637635877	