fc_results: 0.7615690929711085	0.39507991874003007	0.5069737357169651	
br_results: 1.7794715447154472	4.14151219512195	0.4734531239742568	0.6856552097405757	0.5506991486418861	