fc_results: 0.5926080191836876	0.38074118720853667	0.45324098663291407	
br_results: 1.893516260162602	3.914398373983739	0.4819818968958134	0.7089454696162013	0.5646579971775942	