fc_results: 0.46523899290658	0.3728850696020293	0.4025653637423522	
br_results: 3.5904918699186994	5.194882113821142	0.32798419477304797	0.44921007177104744	0.36892094111383333	