fc_results: 0.6291511439387243	0.36430854881604413	0.43887579170770635	
br_results: 69.30847426574714	5.174407188114943	0.45690063668011627	0.14202304164822896	0.20508924968946854	