fc_results: 0.5867554501032145	0.30163388162218574	0.38565742978136514	
br_results: 2.0910040650406487	4.625365853658539	0.38752515191455866	0.6592403305817941	0.4787619788702921	