fc_results: 0.698703866242341	0.42162050857439487	0.5130763833202725	
br_results: 1.707089430894309	4.169134146341465	0.4596195505670156	0.6747079591591786	0.5377275503629004	