fc_results: 0.7185727600676707	0.42200766805015666	0.5177438891645558	
br_results: 1.6608008130081298	4.152491869918699	0.4928494108283186	0.7512760274955396	0.5832582256891733	