fc_results: 0.6685341714688013	0.345861582676743	0.4336046141014616	
br_results: 69.30847426574714	5.174407188114943	0.45690063668011627	0.14202304164822896	0.20508924968946854	