fc_results: 0.698703866242341	0.42162050857439487	0.5130763833202725	
br_results: 63.88449593495935	3.374630081300813	0.562424707983149	0.180455881065637	0.2583183418288266	