original chroma 5segs
fc_results: 0.5461783692757182	0.4801296484821621	0.4958743464112846	
br_results: 2.3432764227642298	4.2371178861788605	0.45954541413032185	0.6455359793774429	0.5246408554066969	


altered chroma 5segs
fc_results: 0.5241317227698628	0.44279512215274225	0.4668919035318197	
br_results: 2.416727642276422	4.455682926829267	0.41471460556637624	0.6114118040947312	0.48511296666262166	
